mfr,calories,protein,fat,sodium,fiber,carbo,sugars,potass,vitamins,shelf,weight,cups,rating
3,70,4,1,130,10.0,5.0,6,280,25,3,1.0,0.33,68.402973
5,120,3,5,15,2.0,8.0,8,135,0,3,1.0,1.0,33.983678999999995
2,70,4,1,260,9.0,7.0,5,320,25,3,1.0,0.33,59.425505
2,50,4,0,140,14.0,8.0,0,330,25,3,1.0,0.5,93.704912
6,110,2,2,200,1.0,14.0,8,0,25,3,1.0,0.75,34.384843
1,110,2,2,180,1.5,10.5,10,70,25,1,1.0,0.75,29.509541
2,110,2,0,125,1.0,11.0,14,30,25,2,1.0,1.0,33.174094000000004
1,130,3,2,210,2.0,18.0,8,100,25,3,1.33,0.75,37.038562
6,90,2,1,200,4.0,15.0,6,125,25,1,1.0,0.67,49.120253000000005
4,90,3,0,210,5.0,13.0,5,190,25,3,1.0,0.67,53.313813
5,120,1,2,220,0.0,12.0,12,35,25,2,1.0,0.75,18.042851000000002
1,110,6,2,290,2.0,17.0,1,105,25,1,1.0,1.25,50.764998999999996
1,120,1,3,210,0.0,13.0,9,45,25,2,1.0,0.75,19.823573
1,110,3,2,140,2.0,13.0,7,105,25,3,1.0,0.5,40.400208
1,110,1,1,180,0.0,12.0,13,55,25,2,1.0,1.0,22.736446
6,110,2,0,280,0.0,22.0,3,25,25,1,1.0,1.0,41.445019
2,100,2,0,290,1.0,21.0,2,35,25,1,1.0,1.0,45.863324
2,110,1,0,90,1.0,13.0,12,20,25,2,1.0,1.0,35.782790999999996
1,110,1,1,180,0.0,12.0,13,65,25,2,1.0,1.0,22.396513
2,110,3,3,140,4.0,10.0,7,160,25,3,1.0,0.5,40.448772
3,100,3,0,80,1.0,21.0,0,0,0,2,1.0,1.0,64.533816
2,110,2,0,220,1.0,21.0,3,30,25,3,1.0,1.0,46.895644
1,100,2,1,140,2.0,11.0,10,120,25,3,1.0,0.75,36.176196000000004
6,100,2,0,190,1.0,18.0,5,80,25,3,1.0,0.75,44.330856
2,110,2,1,125,1.0,11.0,13,30,25,2,1.0,1.0,32.207582
2,110,1,0,200,1.0,14.0,11,25,25,1,1.0,0.75,31.435972999999997
2,100,3,0,0,3.0,14.0,7,100,25,2,1.0,0.8,58.345141000000005
4,120,3,2,160,5.0,12.0,10,200,25,3,1.25,0.67,40.917047
2,120,3,0,240,5.0,14.0,12,190,25,3,1.33,0.67,41.015492
4,110,1,1,135,0.0,13.0,12,25,25,2,1.0,0.75,28.025765000000003
4,100,2,0,45,0.0,11.0,15,40,25,1,1.0,0.88,35.252444
1,110,1,1,280,0.0,15.0,9,45,25,2,1.0,0.75,23.804043
4,100,3,1,140,3.0,15.0,5,85,25,3,1.0,0.88,52.076896999999995
4,110,3,0,170,3.0,17.0,3,90,25,3,1.0,0.25,53.37100699999999
4,120,3,3,75,3.0,13.0,4,100,25,3,1.0,0.33,45.811716
5,120,1,2,220,1.0,12.0,11,45,25,2,1.0,1.0,21.871292
1,110,3,1,250,1.5,11.5,10,90,25,1,1.0,0.75,31.072217
4,110,1,0,180,0.0,14.0,11,35,25,1,1.0,1.33,28.742414
2,110,2,1,170,1.0,17.0,6,60,100,3,1.0,1.0,36.523683
2,140,3,1,170,2.0,20.0,9,95,100,3,1.3,0.75,36.471512
1,110,2,1,260,0.0,21.0,3,40,25,2,1.0,1.5,39.241114
5,100,4,2,150,2.0,12.0,6,95,25,2,1.0,0.67,45.328074
1,110,2,1,180,0.0,12.0,12,55,25,2,1.0,1.0,26.734515000000002
0,100,4,1,0,0.0,16.0,3,95,25,2,1.0,1.0,54.850917
6,150,4,3,95,3.0,16.0,11,170,25,3,1.0,1.0,37.136863
6,150,4,3,150,3.0,16.0,11,170,25,3,1.0,1.0,34.139765000000004
2,160,3,2,150,3.0,17.0,13,160,25,3,1.5,0.67,30.313351
1,100,2,1,220,2.0,15.0,6,90,25,1,1.0,1.0,40.105965000000005
2,120,2,1,190,0.0,15.0,9,40,25,2,1.0,0.67,29.924284999999998
2,140,3,2,220,3.0,21.0,7,130,25,3,1.33,0.67,40.69232
2,90,3,0,170,3.0,18.0,2,90,25,3,1.0,1.0,59.642837
1,130,3,2,170,1.5,13.5,10,120,25,3,1.25,0.5,30.450843
4,120,3,1,200,6.0,11.0,14,260,25,3,1.33,0.67,37.840594
2,100,3,0,320,1.0,20.0,3,45,100,3,1.0,1.0,41.50354
5,50,1,0,0,0.0,13.0,0,15,0,3,0.5,1.0,60.756112
5,50,2,0,0,1.0,10.0,0,50,0,3,0.5,1.0,63.005644999999994
5,100,4,1,135,2.0,14.0,6,110,25,3,1.0,0.5,49.511874
5,100,5,2,0,2.7,0.0,0,110,0,1,1.0,0.67,50.828392
2,120,3,1,210,5.0,14.0,12,240,25,2,1.33,0.75,39.259197
1,100,3,2,140,2.5,10.5,8,140,25,3,1.0,0.5,39.7034
2,90,2,0,0,2.0,15.0,6,110,25,3,1.0,0.5,55.333142
6,110,1,0,240,0.0,23.0,2,30,25,1,1.0,1.13,41.998933
2,110,2,0,290,0.0,22.0,3,35,25,1,1.0,1.0,40.560159000000006
3,80,2,0,0,3.0,16.0,0,95,0,1,0.83,1.0,68.235885
3,90,3,0,0,4.0,19.0,0,140,0,1,1.0,0.67,74.472949
3,90,3,0,0,3.0,20.0,0,120,0,1,1.0,0.67,72.801787
2,110,2,1,70,1.0,9.0,15,40,25,2,1.0,0.75,31.230054
2,110,6,0,230,1.0,16.0,3,55,25,1,1.0,1.0,53.131324
3,90,2,0,15,3.0,15.0,5,90,25,2,1.0,1.0,59.36399300000001
1,110,2,1,200,0.0,21.0,3,35,100,3,1.0,1.0,38.839746000000005
1,140,3,1,190,4.0,15.0,14,230,100,3,1.5,1.0,28.592785
1,100,3,1,200,3.0,16.0,3,110,100,3,1.0,1.0,46.658844
1,110,2,1,250,0.0,21.0,3,60,25,3,1.0,0.75,39.106173999999996
1,110,1,1,140,0.0,13.0,12,25,25,2,1.0,1.0,27.753301
6,100,3,1,230,3.0,17.0,3,115,25,1,1.0,0.67,49.787445
1,100,3,1,200,3.0,17.0,3,110,25,1,1.0,1.0,51.592193
1,110,2,1,200,1.0,16.0,8,60,25,1,1.0,0.75,36.187559
